Cycle	Length, mm
50	14,11176
86	14,12557
136	14,13093
186	14,14322
236	14,14906
286	14,15668
336	14,16714
386	14,16936
436	14,17866
486	14,17876
536	14,18559
586	14,18569
636	14,19156
686	14,20549
736	14,21236
786	14,22397
836	14,22407
886	14,2324
936	14,23901
986	14,24746
1036	14,24947
1086	14,25209
1136	14,26078
1186	14,26759
1236	14,27765
1286	14,27775
1336	14,2883
1386	14,29177
1436	14,30381
1486	14,30391
1536	14,3214
1586	14,3215
1636	14,32279
1686	14,3309
1736	14,33961
1786	14,34695
1836	14,34784
1886	14,35831
1936	14,36328
1986	14,37639
2036	14,37926
2086	14,39128
2136	14,39139
2186	14,39571
2236	14,4109
2286	14,41205
2336	14,42206
2386	14,42363
2436	14,43198
2486	14,43707
2536	14,44433
2586	14,46236
2636	14,46246
2686	14,46892
2736	14,48462
2786	14,48715
2836	14,49534
2886	14,49942
2936	14,51547
2986	14,51771
3036	14,52278
3086	14,53058
3136	14,53882
3186	14,5447
3236	14,55028
3286	14,56273
3336	14,57013
3386	14,57223
3436	14,58543
3486	14,58817
3536	14,59824
3586	14,61076
3636	14,62264
3686	14,62274
3736	14,6325
3786	14,63972
3836	14,64295
3886	14,64723
3936	14,66936
3986	14,67358
4036	14,67612
4086	14,69228
4136	14,69512
4186	14,69982
4236	14,71829
4286	14,719
4336	14,72661
4386	14,72836
4436	14,74509
4486	14,74816
4536	14,76216
4586	14,76584
4636	14,77654
4686	14,783
4736	14,78589
4786	14,80019
4836	14,80557
4886	14,81865
4936	14,83079
4986	14,83183
5036	14,84062
5086	14,85295
5136	14,86138
5186	14,8662
5236	14,87344
5286	14,88716
5336	14,89531
5386	14,89931
5436	14,91133
5486	14,922
5536	14,93265
5586	14,93843
5636	14,94812
5686	14,95839
5736	14,96542
5786	14,97896
5836	14,97906
5886	14,98794
5936	14,99812
5986	15,01692
6036	15,02413
6086	15,02455
6136	15,03516
6186	15,0478
6236	15,05313
6286	15,06185
6336	15,07272
6386	15,08371
6436	15,09181
6486	15,10046
6536	15,10254
6586	15,11076
6636	15,12691
6686	15,12752
6736	15,14516
6786	15,14526
6836	15,16074
6886	15,1702
6936	15,18085
6986	15,1853
7036	15,19367
7086	15,20676
7136	15,21359
7186	15,22249
7236	15,23263
7286	15,24333
7336	15,25642
7386	15,26063
7436	15,27408
7486	15,27804
7536	15,28958
7586	15,3061
7636	15,31013
7686	15,32139
7736	15,32569
7786	15,34027
7836	15,35099
7886	15,35704
7936	15,36228
7986	15,37488
8036	15,38336
8086	15,39968
8136	15,40615
8186	15,40944
8236	15,42302
8286	15,43254
8336	15,43882
8386	15,46136
8436	15,46559
8486	15,46887
8536	15,48316
8586	15,48761
8636	15,50823
8686	15,50833
8736	15,51181
8786	15,53053
8836	15,53612
8886	15,54821
8936	15,56143
8986	15,56702
9036	15,58615
9086	15,589
9136	15,59495
9186	15,60922
9236	15,6198
9286	15,63228
9336	15,64691
9386	15,65432
9436	15,66113
9486	15,67239
9536	15,68445
9586	15,69104
9636	15,70132
9686	15,70991
9736	15,7253
9786	15,73475
9836	15,73971
9886	15,76011
9936	15,7645
9986	15,78067
10036	15,78895
10086	15,80337
10136	15,81612
10186	15,82218
10236	15,82934
10286	15,84074
10336	15,8531
10386	15,86356
10436	15,87773
10486	15,88798
10536	15,90265
10586	15,90818
10636	15,92296
10686	15,92655
10736	15,9454
10786	15,95351
10836	15,95812
10886	15,97416
10936	15,98301
10986	15,99383
11036	16,00367
11086	16,01861
11136	16,0258
11186	16,03999
11236	16,04936
11286	16,06101
11336	16,07633
11386	16,0889
11436	16,089
11486	16,11046
11536	16,11894
11586	16,12334
11636	16,13509
11686	16,15153
11736	16,16278
11786	16,17258
11836	16,1901
11886	16,1939
11936	16,20613
11986	16,2185
12036	16,23026
12086	16,24012
12136	16,25012
12186	16,26342
12236	16,27363
12286	16,28325
12336	16,29975
12386	16,30547
12436	16,32182
12486	16,33371
12536	16,34309
12586	16,35193
12636	16,37643
12686	16,38223
12736	16,39626
12786	16,40336
12836	16,42307
12886	16,42732
12936	16,44028
12986	16,45651
13036	16,45991
13086	16,47693
13136	16,49211
13186	16,49819
13236	16,50915
13286	16,52703
13336	16,53252
13386	16,54708
13436	16,56026
13486	16,57411
13536	16,5852
13586	16,58844
13636	16,60548
13686	16,61838
13736	16,62935
13786	16,64377
13836	16,65288
13886	16,66484
13936	16,67532
13986	16,68106
14036	16,70325
14086	16,71246
14136	16,72088
14186	16,73607
14236	16,75301
14286	16,76168
14336	16,76984
14386	16,78726
14436	16,79518
14486	16,80519
14536	16,82062
14586	16,8315
14636	16,84445
14686	16,85962
14736	16,87257
14786	16,88426
14836	16,89692
14886	16,90894
14936	16,9242
14986	16,93371
15036	16,95112
15086	16,95912
15136	16,97611
15186	16,98489
15236	17,00377
15286	17,01341
15336	17,02073
15386	17,04072
15436	17,05808
15486	17,07087
15536	17,07873
15586	17,09237
15636	17,11404
15686	17,11946
15736	17,13615
15786	17,15256
15836	17,16228
15886	17,17801
15936	17,19345
15986	17,20311
16036	17,21848
16086	17,23704
16136	17,24426
16186	17,26158
16236	17,28132
16286	17,29141
16336	17,30389
16386	17,31696
16436	17,33547
16486	17,3431
16536	17,36087
16586	17,37606
16636	17,38707
16686	17,40402
16736	17,41523
16786	17,43201
16836	17,44738
16886	17,46206
16936	17,47062
16986	17,49164
17036	17,49951
17086	17,52063
17136	17,53029
17186	17,54715
17236	17,56549
17286	17,57882
17336	17,59939
17386	17,61315
17436	17,62655
17486	17,63592
17536	17,65712
17586	17,67645
17636	17,68795
17686	17,70442
17736	17,71645
17786	17,73471
17836	17,75177
17886	17,76684
17936	17,77793
17986	17,80077
18036	17,81435
18086	17,82939
18136	17,84769
18186	17,86174
18236	17,8779
18286	17,89386
18336	17,91364
18386	17,9195
18436	17,94604
18486	17,96165
18536	17,97371
18586	17,98946
18636	18,00879
18686	18,01873
18736	18,03897
18786	18,04946
18836	18,06858
18886	18,08752
18936	18,10637
18986	18,12214
19036	18,1369
19086	18,1523
19136	18,16476
19186	18,18618
19236	18,20453
19286	18,21622
19336	18,24018
19386	18,26201
19436	18,2716
19486	18,28501
19536	18,30968
19586	18,32403
19636	18,34051
19686	18,36071
19736	18,37617
19786	18,39527
19836	18,40883
19886	18,43309
19936	18,44418
19986	18,46739
20036	18,48306
20086	18,49756
20136	18,51881
20186	18,53933
20236	18,55404
20286	18,5738
20336	18,58851
20386	18,60315
20436	18,62483
20486	18,64535
20536	18,65883
20586	18,68097
20636	18,6988
20686	18,71884
20736	18,73149
20786	18,75671
20836	18,77455
20886	18,79292
20936	18,80982
20986	18,83162
21036	18,85336
21086	18,86435
21136	18,89405
21186	18,90346
21236	18,92014
21286	18,94227
21336	18,96109
21386	18,9831
21436	18,99603
21486	19,01916
21536	19,03811
21586	19,06285
21636	19,07535
21686	19,10098
21736	19,12247
21786	19,13492
21836	19,16421
21886	19,1783
21936	19,19957
21986	19,22155
22036	19,24077
22086	19,2626
22136	19,28312
22186	19,31063
22236	19,31852
22286	19,34209
22336	19,3636
22386	19,38676
22436	19,40961
22486	19,42977
22536	19,45123
22586	19,47176
22636	19,49543
22686	19,52007
22736	19,53548
22786	19,55682
22836	19,57227
22886	19,599
22936	19,61959
22986	19,64457
23036	19,66163
23086	19,68729
23136	19,71206
23186	19,72696
23236	19,75535
23286	19,77571
23336	19,8009
23386	19,82162
23436	19,84476
23486	19,87257
23536	19,89322
23586	19,91561
23636	19,94052
23686	19,96497
23736	19,98612
23786	20,0078
23836	20,03714
23886	20,05563
23936	20,08246
23986	20,10681
24036	20,1325
24086	20,15738
24136	20,17802
24186	20,20372
24236	20,22774
24286	20,25689
24336	20,27791
24386	20,30447
24436	20,33002
24486	20,35675
24536	20,3841
24586	20,40734
24636	20,43048
24686	20,46275
24736	20,48696
24786	20,51399
24836	20,54128
24886	20,56566
24936	20,5898
24986	20,61829
25036	20,64671
25086	20,67347
25136	20,70238
25186	20,72889
25236	20,75242
25286	20,77803
25336	20,80946
25386	20,83755
25436	20,86685
25486	20,89552
25536	20,92601
25586	20,95314
25636	20,97916
25686	21,00911
25736	21,04296
25786	21,06613
25836	21,09914
25886	21,1295
25936	21,1578
25986	21,18121
26036	21,21918
26086	21,24525
26136	21,2792
26186	21,31687
26236	21,3412
26286	21,37251
26336	21,39954
26386	21,43516
26436	21,4614
26486	21,49519
26536	21,53113
26586	21,55361
26636	21,59394
26686	21,62141
26736	21,66018
26786	21,68458
26836	21,73
26886	21,75973
26936	21,79614
26986	21,82262
27036	21,8661
27086	21,89858
27135	21,94048
27185	21,97546
27235	22,01334
27282	22,04756
27332	22,08511
27381	22,12172
27431	22,16076
27479	22,19995
27525	22,2401
27575	22,27933
27622	22,31994
27672	22,35854
27709	22,39913
27759	22,44168
27804	22,477
27810	22,51724
27818	22,56219
27821	22,59525
27841	22,64396
27891	22,68456
27941	22,72637
27991	22,76884
28041	22,81038
28086	22,85648
28125	22,89974
28173	22,9396
28209	22,99135
28217	23,02942
28267	23,08105
28317	23,12549
28355	23,16688
28394	23,2206
28436	23,26732
28473	23,32009
28516	23,3631
28554	23,41022
28592	23,46051
28626	23,50674
28664	23,55823
28695	23,61083
28733	23,66253
28765	23,71424
28801	23,7646
28837	23,81686
28865	23,86781
28901	23,91865
28933	23,97015
28965	24,02172
28992	24,07057
29023	24,12528
29051	24,17595
29079	24,22843
29111	24,27893
29139	24,33203
29165	24,38552
29194	24,43694
29232	24,48977
29253	24,54235
29282	24,59365
29304	24,64631
29328	24,6993
29353	24,74999
29380	24,80306
29406	24,85433
29430	24,90519
29449	24,95755
29470	25,01165
29491	25,0642
29514	25,11758
29535	25,16996
29556	25,22238
29580	25,27285
29598	25,3244
29617	25,37442
29635	25,42606
29655	25,47837
29671	25,5288
29691	25,57955
29717	25,6333
29730	25,68373